161
169
163
107
166
155
132
172
106
102
100
102
172
152
122
190
135
163
123
175
162
197
152
190
159
141
168
126
156
170
114
131
174
146
192
124
134
133
127
130
109
166
195
122
123
197
148
156
142
175
184
151
177
140
193
103
157
188
163
195
112
196
177
149
192
133
140
100
184
185
121
112
116
161
162
118
108
145
113
119
125
195
130
124
157
188
179
115
160
149
182
190
127
103
151
166
187
177
159
122
106
133
122
161
181
193
158
148
182
144
134
118
152
194
199
198
132
119
174
140
193
185
195
171
190
131
117
129
113
187
182
141
162
148
171
127
169
164
158
113
149
143
117
196
173
169
101
147
139
131
127
122
116
145
115
177
103
133
136
172
103
174
107
107
148
128
151
187
126
188
159
103
160
132
114
165
109
184
191
110
190
101
103
163
103
185
167
140
179
169
160
154
101
121
179
144
172
126
197
197
199
138
